-3.586688006192341738e-01
-1.806101532871903448e+00
-1.225732885197383215e+00
-1.695204359281667905e+00
9.654222331699108262e-01
-7.335418287515451663e-01
-1.033427261136425246e+00
1.455207218028871319e+00
-3.076844406082130945e-01
-2.128399661908977891e-01
-3.143155131050127116e-01
-3.002762807916267707e-01
7.261848421997795233e-01
-1.127349567441654710e+00
-7.630329167828835413e-01
7.465821574056323850e-01
-3.035606559247012171e-01
-1.360306753358231147e+00
-6.777476695591361233e-01
2.618090127588414417e-01
1.032344556170016414e+00
5.893116081285462160e-01
7.899018618126606439e-01
1.334111432239089234e+00
-8.878183477958286884e-01
7.869258417749281920e-01
-3.301052436671288448e-01
-7.984057031729474563e-02
-2.444068164997406922e-01
-4.291677807981134629e-01
-4.890432080459298225e-01
4.561155460293035424e-01
8.455294705242569209e-02
-6.595913902597597689e-01
7.449060970662686743e-02
4.655642367958628403e-01
-2.863180825995915946e+00
5.362128247316735319e-01
-7.668874647019778834e-01
4.761128343072473790e-01
-1.366279191621333711e+00
1.067732461389184317e+00
2.174638380521448297e-02
-1.143590896099992760e+00
4.577720814039513142e-01
1.697133202019271092e+00
8.296701385603491019e-01
7.379236952213520384e-01
-2.610908894941229019e-01
-1.973237077157548314e-01
2.139438289159225348e-01
-7.907419862571176683e-01
6.815624365951274966e-01
-3.985221880087332358e-01
-1.000197807344381129e+00
-6.145507756307404534e-01
-1.370873162074734308e+00
6.768990802380637772e-01
-9.180414379486906418e-01
8.211116213429807686e-01
-7.620018257938035999e-01
7.273640351839195661e-01
1.042864258322950266e-01
1.375591337684337390e+00
4.171066941752536450e-01
-7.211128707705066754e-01
8.027055795282578288e-01
-3.780579284795423933e-01
-1.246650366433117024e-01
1.298985218982886103e+00
5.760126555711643226e-01
-9.904318873692419256e-02
1.382622125662897883e+00
-1.037704656000383752e+00
4.762879061069866943e-02
-1.433891064648230795e+00
7.762270903814635914e-02
-1.325606346793079426e+00
1.392827899258314739e+00
1.550892423599706804e-01
8.515465668719724990e-01
2.358816364005855426e-01
-2.262690101576373181e+00
-5.855808872604997273e-01
-2.527908721637507627e-02
-1.678908168515074184e+00
-4.441642643252493028e-01
5.633668579988907466e-01
-1.244291807264336747e+00
8.002993187666501695e-01
-4.696737955520441932e-01
1.008669795745609082e-01
-3.701214453407355442e-01
9.069929379972806460e-01
-3.571029418151461798e-01
-6.073847981982007926e-01
9.353015634882612117e-01
-1.077403329234823515e+00
-1.725855266360060591e+00
4.498214584218170331e-01
